P2
16 16
255
150 150 150 150 150 150 150 150 150 150 150 150 150 150 150 150 
170 170 170 160 140 120 70 80 160 130 140 150 50 50 50 50 
100 110 130 120 130 110 90 120 130 90 130 50 50 50 50 50 
80 80 90 110 100 100 50 170 190 180 100 50 50 50 50 50 
80 60 50 50 70 70 80 190 180 200 190 50 50 50 50 50 
50 90 100 100 120 110 100 110 120 100 70 50 50 50 50 50 
50 80 110 90 70 80 50 140 150 150 130 50 50 50 50 50 
50 50 130 120 60 70 160 200 210 200 200 190 170 50 50 50 
50 50 110 100 80 180 200 230 255 250 210 180 160 50 50 50 
50 70 50 70 50 70 210 220 230 220 200 160 150 50 50 50 
50 70 100 150 160 80 150 170 180 180 150 130 100 50 50 50 
50 80 120 120 170 80 100 110 120 170 140 120 90 50 50 50 
50 90 50 150 150 150 100 90 110 100 90 80 50 50 50 50 
50 90 50 50 50 150 80 160 180 200 150 150 100 100 50 50 
100 100 50 50 100 100 150 180 190 200 150 150 150 50 50 50 
255 150 150 150 150 150 150 150 150 150 150 150 150 150 150 150 
